
iRefinement =

    11


ndofs =

    91   142   193   244   295   346   397   448   499   550


energy =

    0.9155    0.9170    0.9177    0.9179    0.9180    0.9181    0.9181    0.9181    0.9181    0.9181
