
iRefinement =

     8


ndofs =[98         170         350         890        2090        5446       14156       38782];


energy =[ 0.025478889483430   0.025498477109132   0.025501411740736   0.025501570396794   0.025501574292672   0.025501574372887   0.025501574372225   0.025501574390417]


errorH1Norm =[1.428290285384547   0.540441899575680   0.124258902924555   0.019142517658666   0.002806757628602   0.000495480054334   0.000111548724592   0.000026258128343]


errorEnergyNorm =[ 0.029018828194500   0.010980254359620   0.002524590268871   0.000388921941731   0.000057025394796   0.000010066756539   0.000002266355311   0.000000533491072]


polyfH1 =

  -1.495843106106028   5.237127862573947


polyfEnergy =

  -1.495843106106028   1.340839326653923
