

ndofs =[72         140         332         802        2010        5450       14798       41072      117666];


energy =[0.025440328907173   0.025485504923344   0.025499326386566   0.025501388160707   0.025501561087203   0.025501573153818   0.025501574276077   0.025501574384738   0.025501574398217]


errorH1Norm =[2.267219749327305   1.221976959980046   0.461521777268808   0.132982357582517   0.035309829654788   0.010026156369938   0.003275589866706   0.001200593623130   0.000437612856024]


errorEnergyNorm =[0.046063507578358   0.024827123605165   0.009376820174183   0.002701826251341   0.000717396099949   0.000203703205243   0.000066550742906   0.000024392674541   0.000008891058362]
