
iRefinement =

     7


ndofs =[ 72         180         540        1700        5940       22100       81528];


energy =[0.025440328907173   0.025485609603570   0.025499364581264   0.025501394509849   0.025501562782553   0.025501573680399   0.025501574355832];


errorH1Norm =[ 2.267219749327305   1.217902872684710   0.457567567284131   0.130673273224835   0.033212649340005   0.008269433836889   0.002062377241832];


errorEnergyNorm =[0.046063507578358   0.024744349647740   0.009296481785437   0.002654912173056   0.000674787313856   0.000168011560559   0.000041901685859];


polyfH1 =

  -1.070480106959511   5.914921181917619


polyfEnergy =

  -1.070480106959512   2.018632645997601
