
iRefinement =

     7


ndofs =

          98         220         570        1610        5360       18340       65786


energy =

   0.025478889483430   0.025498485299273   0.025501416822365   0.025501570590891   0.025501574300000   0.025501574398128   0.025501574400539


errorH1Norm =

   1.428290285384547   0.539721794190915   0.122301442708511   0.018951758529962   0.002631397371055   0.000360313152524   0.000047856109754


errorEnergyNorm =

   0.029018828194500   0.010965623850222   0.002484820200918   0.000385046254527   0.000053462569201   0.000007320546514   0.000000972301108


polyfH1 =

  -1.612403857402332   7.921566283313509


polyfEnergy =

  -1.612403857402332   4.025277747393481
