
ndofs =

          50          98         220         570        1610        5360       18340       65786


errorH1Norm =

   2.335960607931471   1.428290285384547   0.539721794190916   0.122301442708511   0.018951758529962   0.002631397371055   0.000360313152524   0.000047856109754


errorEnergyNorm =

   0.053804802586978   0.029825319348536   0.011006077902113   0.002485791286295   0.000386513035655   0.000062817595181   0.000009905944082   0.000001897076424


polyfH1 =

  -1.612403857400142   7.921566283295594


polyfEnergy =

  -1.439169815784539   2.711963114957697

K>> 
