
iRefinement =

    10


ndofs =

          32          50          80         140         276         682        1694        4320       10972       29406


energy =

   1.0e-03 *

   0.253642547453857   0.254277484448826   0.254785408989356   0.254983569116358   0.255014048468758   0.255015700807753   0.255015742587628   0.255015743689253   0.255015743712501   0.255015743837683


errorH1Norm =

   2.861667680104582   2.335960607931471   1.439722364986536   0.550888399839476   0.126866721065306   0.019911201115630   0.003233292884930   0.000741666479091   0.000198594559521   0.000046147972418


errorEnergyNorm =

   0.073380869839155   0.053804802586982   0.030053598960233   0.011232464076880   0.002578518248428   0.000411577009356   0.000074586223625   0.000035260089737   0.000033942725741   0.000025714385597


polyfH1 =

  -1.448240836778460   4.927580419043220


polyfEnergy =

  -0.165727574846755  -8.825934531481249
