
ndofs =

          50          98         220         570        1610        5360       18340       65786


errorH1Norm =

   2.335960607931471   1.428290285384547   0.539721794190916   0.122301442708511   0.018951758529962   0.002631397371055   0.000360313152524   0.000047856109754


errorEnergyNorm =

   0.053804802586982   0.029825319348528   0.011006077902092   0.002485791286295   0.000386513034794   0.000062817551880   0.000009905747947   0.000001893942864


polyfH1 =

  -1.612403857399798   7.921566283292825


polyfEnergy =

  -1.439576707730686   2.715296422483609

