
ndofs =

          32          72         180         540        1700        5940       22100       81528


errorH1Norm =

   3.238593549863321   2.267219749327306   1.217902872684711   0.457567567284130   0.130673273224835   0.033212649340006   0.008269433836889   0.002062377241832


errorEnergyNorm =

   0.077573399715307   0.049006487093728   0.025020627909684   0.009308825536114   0.002655956503503   0.000674968723599   0.000168055418821   0.000041912692665


polyfH1 =

  -1.070480106959486   5.914921181917410


polyfEnergy =

  -1.070510777189864   2.019216153575955

