
iRefinement =

     7


ndofs =

          66         120         231         630        1827        5876       22100


energy =

   0.913225208190839   0.916098713398387   0.917291339684404   0.917785167575078   0.917982456468403   0.918061248682996   0.918092633381203


errorEnergyNorm =

   0.104838840892986   0.067295915366552   0.042978815256094   0.027158155317417   0.017150764231250   0.010819375769688   0.006820509507478


polyfEnergy =

  -0.348308245106394  -1.503577778813742
