
iRefinement =

     8


ndofs =

          91         160         294         660        1650        4550       13464       45257


energy =

   0.915509940166159   0.917037870698325   0.917679823775924   0.917939450200707   0.918043907696435   0.918085694056971   0.918102345465412   0.918108967813325


errorEnergyNorm =

   0.076639669632431   0.049257375369432   0.031274525978117   0.019806702680683   0.012515051922929   0.007896251548427   0.004978329323125   0.003137415079181


polyfEnergy =

  -0.380830394523148  -1.681811317816007
