
iRefinement =

     9


ndofs =[ 91         106         136         182         235         358         536         740        1101]


energy =[0.915509940166159   0.916975979902223   0.917641081047052   0.917920413156732   0.918034756073030   0.918083564509690   0.918102122399134   0.918108917539850   0.918111579604041]


errorEnergyNorm =[0.076639669632431   0.050619991986389   0.032599967329110   0.020829831705275   0.013288521039441   0.008185330345575   0.005026862415664   0.003154704476209   0.001987353526158]





ndofs =[ 91         106         136         182         235         358         536         740     ]


energy =[0.915509940166159   0.916975979902223   0.917641081047052   0.917920413156732   0.918034756073030   0.918083564509690   0.918102122399134   0.918108917539850   ]


errorEnergyNorm =[0.076639669632431   0.050619991986389   0.032599967329110   0.020829831705275   0.013288521039441   0.008185330345575   0.005026862415664   0.003154704476209   ]

