
iRefinement =

    10


ndofs =[ 66          85         111         152         222         325         534         785        1341        2175]


energy =[0.913225208190839   0.916056462969278   0.917254046587599   0.917755092581632   0.917961367786986   0.918051964936414   0.918090457035955   0.918104234468553   0.918109768865048   0.918111936267863]


errorEnergyNorm =[ 0.104838840892986   0.067980101906206   0.043913221410404   0.028335279985940   0.018439624092043   0.011713610723232   0.007159558167423   0.004515233577733   0.002825438830131   0.001768538623284]


polyfEnergy =

  -0.978472626170655   1.171646277125003

202     maxCurrentLevel = newMaxLevel;


polyfEnergy =

  -0.918947230944599   0.732608968266609
