K>> multiLevelOperator

multiLevelOperator =

    0.0078    0.0020         0         0
    0.3594    0.2461    0.1250         0
    0.3203    0.2363    0.1250         0
         0         0         0         0
         0         0         0         0
         0         0         0         0
    0.3125    0.3906    0.2500         0
         0         0         0         0
         0         0         0         0
         0         0         0         0
    0.0000    0.1250    0.5000         0
         0         0         0         0
         0         0         0         0
         0         0         0         0
         0         0         0         0
         0         0         0    1.0000

K>> multiLevelOperator * C

ans =

    0.0026    0.0013    0.0007    0.0003
    0.2448    0.2057    0.1654    0.1243
    0.2318    0.1992    0.1621    0.1227
         0         0         0         0
         0         0         0         0
         0         0         0         0
    0.3542    0.3437    0.2969    0.2318
         0         0         0         0
         0         0         0         0
         0         0         0         0
    0.1667    0.2500    0.3750    0.3542
         0         0         0         0
         0         0         0         0
         0         0         0         0
         0         0         0         0
         0         0         0    0.1667

K>> multiLevelOperator

multiLevelOperator =

    0.0078    0.0020         0
    0.3594    0.2461    0.1250
    0.3203    0.2363    0.1250
    0.3125    0.3906    0.2500
    0.0000    0.1250    0.5000
