K>> multiLevelOperator

multiLevelOperator =

    0.5000    0.1250         0         0
    0.5000    0.7500    0.5000         0
   -0.0000    0.1250    0.5000         0
         0         0         0         0
         0         0         0         0
         0         0         0         0
         0         0         0         0
         0         0         0    1.0000

K>> multiLevelOperator * C

ans =

    0.1667    0.0833    0.0417    0.0208
    0.6667    0.6667    0.5833    0.4583
    0.1667    0.2500    0.3750    0.3542
         0         0         0         0
         0         0         0         0
         0         0         0         0
         0         0         0         0
         0         0         0    0.1667

K>> levelCouplingOperator

MeExtensionOperator =

    0.5000    0.1250         0
    0.5000    0.7500    0.5000
   -0.0000    0.1250    0.5000

K>> 
